585408, 
185856, 
67680, 
27024, 
12254, 
5639, 
4885, 
5055, 
4867, 
4711, 
4601, 
4519, 
4463, 
4423, 
4386, 
4354, 
4323, 
4289, 
4256, 
4214, 
4174, 
4124, 
4068, 
4011, 
3942, 
3871, 
3784, 
3692, 
3586, 
3467, 
3337, 
3215, 
3082, 
2965, 
2838, 
2693, 
2531, 
2404, 
2304, 
2156, 
2079, 
1975, 
1931, 
1847, 
1820, 
1811, 
1797, 
1778, 
1810, 
1788, 
1807, 

935360, 
343808, 
139056, 
57944, 
26754, 
12179, 
12713, 
8942, 
8483, 
8119, 
7825, 
7596, 
7396, 
7217, 
7031, 
6846, 
6640, 
6420, 
6183, 
5933, 
5654, 
5349, 
5043, 
4721, 
4381, 
4042, 
3706, 
3383, 
3081, 
2797, 
2546, 
2339, 
2157, 
2014, 
1897, 
1833, 
1804, 
1776, 
1750, 
1760, 
1753, 
1760