41 47 49 53 2D 4D 49 44 2D 35 

00 00 80 3F
 
23 9E 9F 3E		// 0.311753 

00 72 83 49 
00 FC 3E 49 
00 E0 84 48 
00 50 B6 47 
00 08 17 47 
00 C8 7C 46 
00 38 D7 45 
00 8C 72 46 
00 30 1F 46 
00 D8 19 46 
00 1C 16 46 
00 64 13 46 
00 98 11 46 
00 58 10 46 
00 80 0F 46 
00 D4 0E 46 
00 40 0E 46 
00 B4 0D 46 
00 24 0D 46 
00 90 0C 46 
00 E8 0B 46 
00 1C 0B 46 
00 3C 0A 46 
00 58 09 46 
00 4C 08 46 
00 20 07 46 
00 E4 05 46 
00 90 04 46 
00 08 03 46 
00 68 01 46 
00 70 FF 45 
00 D8 FB 45 
00 B8 F7 45 
00 B8 F3 45 
00 70 EF 45 
00 58 EB 45 
00 28 E7 45 
00 F0 E2 45 
00 20 DF 45 
00 98 DB 45 
00 78 D8 45 
00 E8 D5 45 
00 C8 D3 45 
00 40 D2 45 
00 38 D1 45 
00 90 D0 45 
00 58 D0 45 
00 58 D0 45 
00 78 D0 45 
00 E0 D0 45 
00 30 D1 45
 
00 14 FF 46		// 32650 

B9 5D DF 3D		// 0.109065 

F0 9B FF 49 
E0 C7 E8 49 
10 16 98 49 
00 4A 45 49 
00 BC A1 48 
00 E8 05 48 
00 64 65 47 
00 5C C6 46 
00 94 31 46 
00 94 3A 46 
00 FC 04 46 
00 D0 FD 45 
00 80 F4 45 
00 10 ED 45 
00 78 E6 45 
00 F8 DF 45 
00 60 D9 45 
00 B0 D2 45 
00 20 CB 45 
00 70 C3 45 
00 A8 BA 45 
00 60 B1 45 
00 A0 A7 45 
00 88 9D 45 
00 F0 92 45 
00 38 88 45 
00 40 7B 45 
00 C0 66 45 
00 A0 53 45 
00 50 41 45 
00 10 31 45 
00 A0 23 45 
00 F0 17 45 
00 00 0F 45 
00 F0 07 45 
00 C0 03 45 
00 90 01 45 
00 60 FF 44 
00 60 FD 44 
00 40 FD 44 
00 60 FD 44 
00 A0 FD 44 

00 00 00 00 

00 00 00 00 

00 90 4E 45		// 3305